ATTACK:
80 60 63 00 0D F0 AD BA B7 F0 AA 5D 00 00 00 00
30 AC 8E 05 00 00 00 00 08 00 02 00 18 AC 8C 05
00 00 02 00 18 00 00 00 18 00 00 00 50 AC 90 05
00 10 00 00 11 00 00 00 00 00 00 00 68 BC 90 05
08 10 00 00 00 00 00 00 01 F0 AD BA 01 F0 AD BA
D0 95 26 2C 18 5C C8 24 00 00 00 00 F0 08 00 00

ATTACK TRAS RELOGEAR:
80 60 63 00 0D F0 AD BA 47 F1 AA 5D 00 00 00 00
30 AC 8E 05 00 00 00 00 08 00 02 00 18 AC 8C 05
00 00 02 00 18 00 00 00 18 00 00 00 50 AC 90 05
00 10 00 00 11 00 00 00 00 00 00 00 68 BC 90 05
08 10 00 00 00 00 00 00 01 F0 AD BA 01 F0 AD BA
60 4A 6F 2C A8 E9 97 24 00 00 00 00 08 09 00 00

ATTACK TRAS REINICIAR:
80 60 63 00 0D F0 AD BA 9E F2 AA 5D 00 00 00 00
00 10 54 05 00 00 00 00 08 00 02 00 E8 0F 52 05
00 00 02 00 18 00 00 00 18 00 00 00 20 10 56 05
00 10 00 00 11 00 00 00 00 00 00 00 38 20 56 05
08 10 00 00 00 00 00 00 01 F0 AD BA 01 F0 AD BA
D8 F7 CF 12 F8 03 D0 12 00 00 00 00 50 08 00 00

WALK:
80 60 47 01 0D F0 AD BA BC FD AA 5D 00 00 00 00
F0 E0 E8 05 00 00 00 00 08 00 02 00 D8 E0 E6 05
00 00 02 00 48 00 00 00 48 00 00 00 10 E1 EA 05
00 10 00 00 11 00 00 00 00 00 00 00 28 F1 EA 05
08 10 00 00 00 00 00 00 01 F0 AD BA 01 F0 AD BA
E0 28 F0 12 30 58 3B 12 00 00 00 00 50 08 00 00

80 60 47 01 0D F0 AD BA BC FD AA 5D 00 00 00 00
F0 E0 E8 05 00 00 00 00 08 00 02 00 D8 E0 E6 05
00 00 02 00 18 00 00 00 18 00 00 00 10 E1 EA 05
00 10 00 00 11 00 00 00 00 00 00 00 28 F1 EA 05
08 10 00 00 00 00 00 00 01 F0 AD BA 01 F0 AD BA
E0 28 F0 12 30 58 3B 12 00 00 00 00 50 08 00 00

80 60 47 01 0D F0 AD BA 73 03 AB 5D 00 00 00 00
80 11 5E 05 00 00 00 00 08 00 02 00 68 11 5C 05
00 00 02 00 18 00 00 00 18 00 00 00 A0 11 60 05
00 10 00 00 11 00 00 00 00 00 00 00 B8 21 60 05
08 10 00 00 00 00 00 00 01 F0 AD BA 01 F0 AD BA
B0 69 D4 11 B8 62 C2 04 00 00 00 00 3C 08 00 00

DIFERENCIAS ENTRE WALK Y USE SIN REINICIAR:
WALK
80 60 47 01 0D F0 AD BA DB 23 AB 5D 00 00 00 00
D0 1F 03 06 00 00 00 00 08 00 02 00 B8 1F 01 06
00 00 02 00 1B 00 00 00 1B 00 00 00 F0 1F 05 06
00 10 00 00 11 00 00 00 00 00 00 00 08 30 05 06
08 10 00 00 00 00 00 00 01 F0 AD BA 01 F0 AD BA
70 15 22 06 70 25 24 13 00 00 00 00 44 08 00 00
02 00 30 39 90 5B 46 39 00 00 00 00 00 00 00 00
11 00 00 00 01 F0 AD BA 80 82 2F 05 9C 60 47 01

80 60 47 01 0D F0 AD BA DB 23 AB 5D 00 00 00 00
D0 1F 03 06 00 00 00 00 08 00 02 00 B8 1F 01 06
00 00 02 00 30 00 00 00 30 00 00 00 F0 1F 05 06
00 10 00 00 11 00 00 00 00 00 00 00 08 30 05 06
08 10 00 00 00 00 00 00 01 F0 AD BA 01 F0 AD BA
70 15 22 06 70 25 24 13 00 00 00 00 44 08 00 00
02 00 30 39 90 5B 46 39 00 00 00 00 00 00 00 00
20 00 00 00 01 F0 AD BA 80 82 2F 05 9C 60 47 01


USE
80 60 47 01 0D F0 AD BA DB 23 AB 5D 00 00 00 00
D0 1F 03 06 00 00 00 00 08 00 02 00 B8 1F 01 06
00 00 02 00 18 00 00 00 18 00 00 00 F0 1F 05 06
00 10 00 00 05 00 00 00 00 00 00 00 08 30 05 06
08 10 00 00 00 00 00 00 01 F0 AD BA 01 F0 AD BA
70 15 22 06 70 25 24 13 00 00 00 00 44 08 00 00
02 00 30 39 90 5B 46 39 00 00 00 00 00 00 00 00
1F 00 00 00 01 F0 AD BA 80 82 2F 05 9C 60 47 01

80 60 47 01 0D F0 AD BA DB 23 AB 5D 00 00 00 00
D0 1F 03 06 00 00 00 00 08 00 02 00 B8 1F 01 06
00 00 02 00 18 00 00 00 18 00 00 00 F0 1F 05 06
00 10 00 00 05 00 00 00 00 00 00 00 08 30 05 06
08 10 00 00 00 00 00 00 01 F0 AD BA 01 F0 AD BA
70 15 22 06 70 25 24 13 00 00 00 00 44 08 00 00
02 00 30 39 90 5B 46 39 00 00 00 00 00 00 00 00
26 00 00 00 01 F0 AD BA 80 82 2F 05 9C 60 47 01
